$keys innerBrowRaiser outerBrowRaiser browLowerer eyeDownAndUp eyeClosedAndLidRaiser squint cheekRaiser dimpler noseWrinkler nostrilDilator upperLipsTowardAndPart lowerLipsTowardAndPart upperLipRaiser lowerLipDepressorAndChinRaiser lipCornerDepressorAndSharpLipPuller lipPressor lipCornerPuller lipStretcher lowerLipFunneler lowerLipSuck lipSideways jawSuckAndThrust jawSideways jawOpen
$hasweighting
"base" "_" 0.000 0.000 0.000 0.000 0.000 0.000 0.000 0.000 0.000 0.000 0.000 0.000 0.000 0.000 0.000 0.000 0.000 0.000 0.000 0.000 0.000 0.000 0.000 0.000 0.000 0.000 0.000 0.000 0.000 0.000 0.000 0.000 0.000 0.000 0.000 0.000 0.000 0.000 0.000 0.000 0.000 0.000 0.000 0.000 0.000 0.000 0.000 0.000 "base"
"pensive" "_" 0.160 1.000 0.000 0.000 0.700 1.000 -0.220 0.000 0.000 0.000 0.560 1.000 0.610 1.000 0.000 0.000 0.000 0.000 0.000 0.000 0.000 0.000 0.000 0.000 0.000 0.000 0.000 0.000 0.000 0.000 0.000 0.000 0.000 0.000 0.000 0.000 0.000 0.000 0.000 0.000 0.000 0.000 0.000 0.000 0.000 0.000 0.090 1.000 "slightly serious, slight frown"
"spawn" "_" 0.000 1.000 0.000 1.000 1.000 1.000 0.000 0.000 0.000 0.000 0.000 0.000 0.060 1.000 0.200 1.000 0.000 0.000 0.000 0.000 0.000 0.000 0.000 0.000 0.000 0.000 0.000 0.000 0.000 0.000 0.000 0.000 0.000 0.000 0.000 0.000 0.000 0.000 0.000 0.000 0.180 1.000 0.000 0.000 0.000 0.000 0.150 1.000 "slightly angry smirk"
"move" "_" 0.240 1.000 0.000 0.000 0.730 1.000 0.000 0.000 0.760 1.000 0.230 1.000 0.290 1.000 0.000 0.000 0.000 0.000 0.000 0.000 0.000 0.000 0.000 0.000 0.110 1.000 0.000 0.000 0.000 0.000 0.000 0.000 0.000 0.000 0.000 0.000 0.000 0.000 0.000 0.000 -0.080 1.000 0.000 0.000 0.000 0.000 0.100 1.000 "move"
"pain" "_" 0.700 1.000 0.000 0.000 1.000 1.000 0.000 0.000 -0.620 1.000 1.000 1.000 1.000 1.000 0.590 1.000 0.500 1.000 0.000 0.000 1.000 1.000 0.320 1.000 0.140 1.000 -0.540 1.000 0.360 1.000 0.240 1.000 0.000 0.000 0.000 1.000 0.000 0.000 0.000 0.000 0.000 0.000 0.000 0.000 0.000 0.000 0.000 0.000 "pain"
"confident" "_" 1.000 1.000 0.000 0.000 0.610 1.000 0.000 0.000 -0.340 1.000 0.000 0.000 0.000 0.000 0.000 0.000 0.000 0.000 0.000 0.000 0.000 0.000 0.000 0.000 0.130 1.000 0.000 0.000 0.000 0.000 0.000 0.000 0.000 0.000 0.000 0.000 0.000 0.000 0.000 0.000 -0.140 1.000 0.000 0.000 -0.040 1.000 0.060 1.000 "confident"
"ally" "_" 1.000 1.000 0.000 0.000 0.800 1.000 0.000 0.000 -0.220 1.000 0.460 1.000 0.520 1.000 0.000 0.000 0.000 0.000 0.000 0.000 0.000 0.000 0.000 0.000 0.250 1.000 0.000 0.000 0.000 0.000 0.000 0.000 0.140 1.000 0.000 0.000 0.000 0.000 0.000 0.000 -0.020 1.000 0.000 0.000 0.000 0.000 0.080 1.000 "ally"
"pleased" "_" 0.430 1.000 0.100 1.000 0.000 0.000 0.000 0.000 -0.240 1.000 0.310 1.000 0.400 1.000 0.000 0.000 0.000 0.000 0.000 0.000 -0.440 1.000 0.000 0.000 0.000 0.000 -0.040 1.000 0.380 1.000 0.000 0.000 0.310 1.000 0.000 0.000 0.000 0.000 0.000 0.000 -0.220 1.000 0.000 0.000 0.000 0.000 0.140 1.000 "pleased"
"seriouslypleased" "_" 0.690 1.000 0.100 1.000 0.800 1.000 0.000 0.000 -0.240 1.000 0.610 1.000 0.400 1.000 0.000 0.000 0.000 0.000 0.000 0.000 -0.440 1.000 0.000 0.000 0.000 0.000 -0.040 1.000 0.380 1.000 0.000 0.000 0.310 1.000 0.000 0.000 0.000 0.000 0.000 0.000 -0.220 1.000 0.000 0.000 0.000 0.000 0.140 1.000 "seriouslypleased"
"amused" "_" 0.750 1.000 0.000 0.000 0.130 1.000 0.000 0.000 -0.180 1.000 0.490 1.000 0.490 1.000 0.000 0.000 0.000 0.000 0.000 0.000 0.000 0.000 0.000 0.000 0.000 0.000 -0.540 1.000 0.920 1.000 0.000 0.000 0.230 1.000 0.000 0.000 0.000 0.000 0.000 0.000 0.200 1.000 -0.120 1.000 -0.080 1.000 0.140 1.000 "amused"
"annoyed" "_" 0.000 0.000 0.000 0.000 0.450 1.000 0.000 0.000 0.000 0.000 0.600 1.000 0.000 0.000 0.000 0.000 0.000 0.000 0.000 0.000 0.000 0.000 0.000 0.000 0.300 1.000 0.000 0.000 0.000 0.000 0.000 0.000 0.000 0.000 0.000 0.000 0.000 0.000 0.000 0.000 -0.340 1.000 0.000 0.000 0.000 0.000 0.000 0.000 "annoyed"
"serious" "_" 0.000 0.000 0.000 0.000 0.700 1.000 0.000 0.000 1.000 1.000 0.610 1.000 0.000 0.000 0.000 0.000 0.210 1.000 0.000 0.000 0.000 0.000 0.000 0.000 0.210 1.000 0.000 0.000 0.000 0.000 0.000 0.000 0.000 0.000 0.000 0.000 0.000 0.000 0.000 0.000 -0.140 1.000 0.000 0.000 0.000 0.000 0.000 0.000 "serious"
"angry" "_" 0.000 0.000 0.000 0.000 1.000 1.000 0.000 0.000 0.000 0.000 0.430 1.000 0.180 1.000 0.000 0.000 0.350 1.000 0.000 0.000 0.000 0.000 0.000 0.000 0.410 1.000 0.000 0.000 0.000 0.000 0.000 0.000 0.000 0.000 0.000 0.000 0.000 0.000 0.000 0.000 -0.140 1.000 0.300 1.000 0.000 0.000 0.000 0.000 "angry"
"intense" "_" 0.000 0.000 0.490 1.000 1.000 1.000 0.000 0.000 1.000 1.000 0.030 1.000 0.730 1.000 0.000 0.000 0.450 1.000 0.000 0.000 0.000 0.000 0.000 0.000 0.340 1.000 0.000 0.000 0.000 0.000 0.000 0.000 0.000 0.000 0.000 0.000 0.000 0.000 0.000 0.000 -0.140 1.000 0.520 1.000 0.000 0.000 0.030 1.000 "intense"
"deny" "_" 0.000 0.000 0.330 1.000 1.000 1.000 0.000 0.000 0.000 0.000 0.430 1.000 0.180 1.000 0.000 0.000 0.350 1.000 0.000 0.000 0.000 0.000 0.000 0.000 0.000 1.000 -0.500 1.000 0.620 1.000 0.000 0.000 0.260 1.000 0.000 0.000 0.000 0.000 0.000 0.000 -0.140 1.000 0.020 1.000 0.000 0.000 0.000 0.000 "deny"
"denylaugh" "_" 0.000 0.000 0.610 1.000 1.000 1.000 0.000 0.000 0.500 1.000 0.430 1.000 0.180 1.000 0.000 0.000 0.350 1.000 0.000 0.000 0.000 0.000 0.000 0.000 0.000 1.000 -0.640 1.000 0.900 1.000 0.000 0.000 0.380 1.000 0.000 0.000 0.000 0.000 0.000 0.000 -0.140 1.000 0.020 1.000 0.000 0.000 0.260 1.000 "denylaugh"
"death" "_" 1.000 1.000 0.000 0.000 1.000 1.000 0.000 0.000 -0.040 1.000 1.000 1.000 1.000 1.000 0.000 0.000 0.000 0.000 0.340 1.000 0.000 0.000 -0.020 1.000 0.330 1.000 -0.300 1.000 -0.300 1.000 0.000 0.000 0.180 1.000 0.000 0.000 0.350 1.000 0.000 1.000 0.020 1.000 -0.020 1.000 0.020 1.000 0.000 1.000 "death,lose"
"sad" "_" 0.950 1.000 0.000 0.000 1.000 1.000 0.000 0.000 -0.220 1.000 1.000 1.000 0.500 1.000 0.000 0.000 0.000 0.000 0.000 0.000 0.000 0.000 0.000 0.000 0.380 1.000 0.180 1.000 -0.280 1.000 0.000 0.000 0.180 1.000 0.000 0.000 0.290 1.000 0.000 1.000 0.020 1.000 -0.020 1.000 0.020 1.000 0.000 1.000 "sad"
