$keys innerBrowRaiser outerBrowRaiser browLowerer eyeDownAndUp eyeClosedAndLidRaiser squint cheekRaiser dimpler noseWrinkler upperLipsTowardAndPart upperLipRaiser lowerLipDepressorAndChinRaiser lipCornerDepressorAndSharpLipPuller lipCornerPuller lipStretcher jawOpen
$hasweighting
"idle" "_" 0.000 0.000 0.000 0.000 0.000 0.000 0.000 0.000 0.000 0.000 0.000 0.000 0.000 0.000 0.000 0.000 0.000 0.000 0.000 0.000 0.000 0.000 0.000 0.000 0.000 0.000 0.000 0.000 0.000 0.000 0.000 0.000 "idle"
"pain" "_" 0.460 1.000 0.000 0.000 1.000 1.000 0.000 0.000 -0.880 1.000 1.000 1.000 1.000 1.000 0.540 1.000 1.000 1.000 0.100 0.000 0.830 1.000 0.000 0.000 -1.000 1.000 0.550 1.000 0.000 0.000 0.000 0.000 "pain"
"death" "_" 1.000 1.000 0.000 0.000 0.280 1.000 0.000 0.000 0.000 0.000 1.000 1.000 1.000 1.000 0.000 0.000 1.000 1.000 0.040 0.000 0.560 1.000 0.000 0.000 -0.980 1.000 0.490 1.000 0.000 0.000 0.000 0.000 "death"
"attack" "_" 0.000 0.000 0.590 1.000 0.210 1.000 0.000 0.000 0.680 1.000 0.000 0.000 0.740 1.000 0.000 0.000 0.400 1.000 0.040 1.000 0.000 0.000 0.000 0.000 0.000 0.000 0.180 1.000 0.300 1.000 0.000 0.000 "attack"
"level" "_" 0.400 1.000 0.850 1.000 0.000 0.000 0.000 0.000 0.560 1.000 0.410 1.000 0.000 0.000 0.000 0.000 0.380 1.000 0.000 0.000 0.000 0.000 0.000 0.000 -0.340 1.000 0.410 1.000 0.000 0.000 0.090 1.000 "level"
"deny" "_" 0.000 0.000 0.510 1.000 0.440 1.000 0.040 0.000 0.900 1.000 0.000 0.000 0.000 0.000 0.000 0.000 0.590 1.000 0.080 1.000 0.350 1.000 0.020 1.000 0.180 1.000 0.360 1.000 0.000 0.000 0.100 1.000 "deny"
"anger" "_" 0.000 0.000 0.850 1.000 0.500 1.000 0.000 0.000 1.000 1.000 0.680 1.000 0.360 1.000 0.000 0.000 0.900 1.000 0.960 1.000 0.490 1.000 0.360 1.000 -1.000 1.000 0.580 1.000 0.000 0.000 0.180 1.000 "anger"
"del spawn" "_" 0.360 1.000 0.520 1.000 0.160 1.000 0.000 0.000 0.420 1.000 0.490 1.000 0.000 0.000 0.000 0.000 0.300 1.000 0.000 0.000 0.200 1.000 0.000 0.000 0.000 0.000 0.000 0.000 0.000 0.000 0.060 1.000 "spawn"
"move" "_" 0.100 1.000 0.000 0.000 0.260 1.000 0.000 0.000 0.300 1.000 0.000 0.000 0.360 1.000 0.000 0.000 0.190 1.000 0.000 0.000 0.180 1.000 0.000 0.000 0.000 0.000 0.000 0.000 0.000 0.000 0.000 0.000 "move"
