$keys innerBrowRaiser outerBrowRaiser browLowerer eyeClosedAndLidRaiser eyeDownAndUp squint cheekRaiser noseWrinkler nostrilDilator upperLipsTowardAndPart lowerLipsTowardAndPart upperLipRaiser lowerLipDepressorAndChinRaiser lipCornerDepressorAndSharpLipPuller lipCornerPuller lipStretcher upperLipFunneler lowerLipFunneler lipSideways jawSuckAndThrust jawOpen
$hasweighting
"base" "_" 0.000 0.000 0.000 0.000 0.000 0.000 0.000 0.000 0.000 0.000 0.000 0.000 0.000 0.000 0.000 0.000 0.000 0.000 0.000 0.000 0.000 0.000 0.000 0.000 0.000 0.000 0.000 0.000 0.000 0.000 0.000 0.000 0.000 0.000 0.000 0.000 0.000 0.000 0.000 0.000 0.000 0.000 "base"
"pain" "_" 0.400 1.000 0.000 0.000 0.600 1.000 -0.520 1.000 0.000 0.000 1.000 1.000 0.000 1.000 1.000 1.000 0.000 0.000 0.920 1.000 0.000 0.000 0.000 0.000 0.000 0.000 0.000 0.000 0.000 0.000 0.610 1.000 0.000 0.000 0.000 0.000 0.000 0.000 0.000 0.000 0.000 0.000 "pain"
"spawn" "_" 0.000 0.000 0.510 1.000 0.330 1.000 0.000 0.000 0.000 0.000 0.190 1.000 0.150 1.000 0.150 1.000 0.000 0.000 0.000 0.000 0.000 0.000 0.000 0.000 0.000 0.000 0.160 1.000 0.290 1.000 0.000 0.000 0.000 0.000 0.000 0.000 0.000 0.000 0.000 0.000 0.000 0.000 "spawn"
"cast" "_" 0.240 1.000 0.880 1.000 0.080 1.000 0.000 0.000 0.000 0.000 0.000 0.000 0.000 0.000 0.260 1.000 0.000 0.000 0.000 0.000 0.000 0.000 0.000 0.000 0.000 0.000 0.020 1.000 0.140 1.000 0.000 0.000 0.200 1.000 0.000 1.000 0.000 0.000 0.000 0.000 0.040 1.000 "cast"
"death" "_" 1.000 1.000 0.000 1.000 0.310 1.000 -0.080 1.000 -0.300 1.000 1.000 1.000 0.000 1.000 0.000 0.000 0.430 1.000 -0.440 0.000 -0.280 0.000 0.150 1.000 0.000 0.000 -0.080 1.000 0.000 0.000 0.000 0.000 0.000 0.000 0.000 0.000 0.040 1.000 0.000 0.000 0.060 1.000 "death,lose"
"attack" "_" 0.000 1.000 0.000 0.000 0.480 1.000 0.000 0.000 0.000 0.000 0.200 1.000 0.360 1.000 0.250 1.000 0.000 0.000 0.000 0.000 0.000 0.000 0.000 0.000 0.000 0.000 0.000 0.000 0.000 0.000 0.000 0.000 0.000 0.000 0.000 0.000 0.000 0.000 0.000 0.000 0.000 0.000 "attack,kill,haste,move,rare,respawn,spwan"
"angry" "_" 0.000 0.000 0.410 1.000 0.700 1.000 0.000 0.000 0.000 0.000 0.450 1.000 0.000 1.000 0.350 1.000 0.000 0.000 0.320 1.000 0.000 0.000 0.210 1.000 -0.180 1.000 0.180 1.000 0.000 0.000 0.000 0.000 0.000 0.000 0.000 0.000 0.000 0.000 0.180 1.000 0.000 0.000 "angry"
"exertion" "_" 0.440 1.000 0.000 0.000 0.390 1.000 0.000 0.000 0.180 1.000 0.830 1.000 0.640 1.000 0.730 1.000 0.000 0.000 0.760 1.000 0.000 0.000 0.000 1.000 -0.400 1.000 0.720 1.000 0.000 0.000 0.000 0.000 0.000 0.000 0.000 0.000 0.000 0.000 0.000 0.000 0.000 1.000 "exertion"
"neutral" "_" 0.520 1.000 0.360 1.000 0.000 1.000 0.000 0.000 0.000 0.000 0.180 1.000 0.000 0.000 0.000 0.000 0.000 0.000 0.000 0.000 0.000 0.000 0.000 0.000 0.000 0.000 0.000 0.000 0.000 0.000 0.000 0.000 0.000 0.000 0.000 0.000 -0.120 1.000 0.000 0.000 0.040 1.000 "neutral"
"pensive" "_" 0.260 1.000 0.000 0.000 0.540 1.000 0.000 1.000 0.300 1.000 0.080 1.000 0.650 1.000 0.000 0.000 0.000 0.000 0.000 0.000 0.000 0.000 0.000 0.000 0.000 0.000 0.000 0.000 0.000 0.000 0.000 0.000 0.000 0.000 0.000 0.000 -0.220 1.000 0.000 0.000 0.080 1.000 "pensive"
"sardonic" "_" 0.000 1.000 0.490 1.000 0.660 1.000 0.000 0.000 0.000 0.000 0.330 1.000 0.730 1.000 0.450 1.000 0.000 0.000 -0.280 1.000 0.120 1.000 0.000 0.000 -0.540 1.000 0.760 1.000 0.690 1.000 0.000 0.000 0.000 0.000 0.000 0.000 0.000 0.000 0.000 0.000 0.000 1.000 "sardonic"
"sardonic laugh" "_" 0.000 1.000 0.580 1.000 0.740 1.000 0.000 0.000 0.000 0.000 0.330 1.000 0.730 1.000 0.450 1.000 0.000 0.000 0.000 0.000 0.000 0.000 0.000 0.000 -0.540 1.000 1.000 1.000 0.840 1.000 0.000 0.000 0.000 0.000 0.000 0.000 0.000 0.000 0.000 0.000 0.240 1.000 "sardonic laugh"
"surprised" "_" 1.000 1.000 0.800 1.000 0.000 1.000 0.460 1.000 0.000 0.000 0.190 1.000 0.290 1.000 0.000 0.000 0.000 0.000 0.000 0.000 0.000 0.000 0.000 0.000 0.000 0.000 0.560 1.000 0.280 1.000 0.000 0.000 0.000 0.000 0.000 0.000 -0.200 1.000 0.000 0.000 0.140 1.000 "surprised"
"euphoric" "_" 1.000 1.000 0.350 1.000 0.000 0.000 -0.320 1.000 0.000 0.000 0.000 1.000 0.430 1.000 0.000 0.000 0.000 0.000 0.000 0.000 0.000 0.000 0.000 0.000 0.000 1.000 0.920 1.000 0.130 1.000 0.000 0.000 0.000 0.000 0.000 0.000 -0.220 1.000 0.000 0.000 0.080 1.000 "euphoric"
"amused" "_" 0.390 1.000 0.330 1.000 0.000 1.000 0.000 0.000 0.000 0.000 0.260 1.000 0.450 1.000 0.000 1.000 0.000 0.000 0.000 0.000 0.000 0.000 0.000 0.000 -0.400 1.000 0.800 1.000 0.650 1.000 0.000 0.000 0.000 0.000 0.000 0.000 -0.240 1.000 -0.100 1.000 0.080 1.000 "amused"
"laugh" "_" 0.390 1.000 0.330 1.000 0.000 1.000 0.000 0.000 0.000 0.000 0.330 1.000 0.730 1.000 0.000 1.000 0.000 0.000 0.000 0.000 0.000 0.000 0.000 0.000 -0.540 1.000 1.000 1.000 0.840 1.000 0.000 0.000 0.000 0.000 0.000 0.000 -0.240 1.000 -0.100 1.000 0.280 1.000 "laugh"
