$keys innerBrowRaiser outerBrowRaiser browLowerer eyeClosedAndLidRaiser squint cheekRaiser noseWrinkler upperLipsTowardAndPart upperLipRaiser lowerLipDepressorAndChinRaiser lipCornerDepressorAndSharpLipPuller lipPressor lipCornerPuller upperLipFunneler lowerLipFunneler lowerLipSuck jawSuckAndThrust jawOpen
$hasweighting
"base" "_" 0.000 0.000 0.000 0.000 0.000 0.000 0.000 0.000 0.000 0.000 0.000 0.000 0.000 0.000 0.000 0.000 0.000 0.000 0.000 0.000 0.000 0.000 0.000 0.000 0.000 0.000 0.000 0.000 0.000 0.000 0.000 0.000 0.000 0.000 0.000 0.000 "base"
"pain" "_" 0.340 1.000 0.000 0.000 0.990 1.000 -0.480 1.000 0.650 1.000 1.000 1.000 1.000 1.000 1.000 1.000 0.150 1.000 0.100 1.000 0.460 1.000 0.000 1.000 0.140 1.000 0.000 0.000 0.000 0.000 0.310 1.000 0.000 0.000 0.000 1.000 "pain"
"spawn" "_" 0.000 0.000 0.510 1.000 0.330 1.000 0.000 0.000 0.190 1.000 0.150 1.000 0.150 1.000 0.000 0.000 0.000 0.000 0.000 0.000 0.160 1.000 0.000 0.000 0.290 1.000 0.000 0.000 0.000 0.000 0.000 0.000 0.000 0.000 0.000 0.000 "spawn"
"cast" "_" 0.240 1.000 0.880 1.000 0.080 1.000 0.000 0.000 0.000 0.000 0.000 0.000 0.260 1.000 0.000 0.000 0.000 0.000 0.000 0.000 0.020 1.000 0.000 0.000 0.140 1.000 0.200 1.000 0.000 1.000 0.000 0.000 0.000 0.000 0.040 1.000 "cast"
"death" "_" 0.860 1.000 0.000 0.000 0.290 1.000 0.100 0.000 0.730 1.000 0.250 1.000 0.150 1.000 0.000 0.000 0.160 1.000 0.000 0.000 0.000 0.000 0.000 0.000 0.000 0.000 0.000 0.000 0.000 0.000 0.000 0.000 0.000 0.000 0.060 1.000 "death,lose"
"attack" "_" 0.000 0.000 0.410 1.000 0.280 1.000 0.000 0.000 0.300 1.000 0.000 1.000 0.240 1.000 0.000 0.000 0.140 1.000 0.000 0.000 0.180 1.000 0.000 0.000 0.000 0.000 0.000 0.000 0.000 0.000 0.000 0.000 0.000 0.000 0.000 0.000 "attack,kill,haste,move,rare,respawn,spwan"
"angry" "_" 0.000 0.000 0.410 1.000 0.700 1.000 0.000 0.000 0.450 1.000 0.000 1.000 0.350 1.000 0.320 1.000 0.210 1.000 -0.180 1.000 0.180 1.000 0.000 0.000 0.000 0.000 0.000 0.000 0.000 0.000 0.000 0.000 0.180 1.000 0.000 0.000 "angry"
"laugh" "_" 0.000 0.000 0.510 1.000 0.330 1.000 0.000 0.000 0.330 1.000 0.150 1.000 0.150 1.000 0.000 0.000 0.000 0.000 -0.400 1.000 0.460 1.000 0.000 0.000 0.490 1.000 0.000 0.000 0.000 0.000 0.000 0.000 -0.320 1.000 0.080 1.000 "laugh"
"lose" "_" 0.450 1.000 0.000 1.000 0.450 1.000 1.000 1.000 0.640 1.000 0.310 1.000 0.330 1.000 0.000 0.000 0.350 1.000 -0.200 1.000 0.160 1.000 0.000 0.000 0.180 1.000 0.000 0.000 0.000 0.000 0.000 0.000 0.000 0.000 0.050 1.000 "lose"
"immort" "_" 0.240 1.000 0.880 1.000 0.080 1.000 0.360 1.000 0.000 0.000 0.110 1.000 0.190 1.000 -0.240 1.000 0.110 1.000 0.000 0.000 0.360 1.000 0.000 0.000 0.240 1.000 0.000 1.000 0.000 0.000 0.000 0.000 0.000 0.000 0.090 1.000 "immort"
