$keys innerBrowRaiser outerBrowRaiser browLowerer eyeRightAndLeft eyeClosedAndLidRaiser squint cheekRaiser dimpler noseWrinkler upperLipsTowardAndPart lowerLipsTowardAndPart upperLipRaiser lowerLipDepressorAndChinRaiser lipCornerDepressorAndSharpLipPuller lipCornerPuller lipPuckerer lipSideways jawOpen jawClencher
$hasweighting
"anger" "_" 0.280 1.000 0.000 0.000 1.000 1.000 0.000 0.000 0.000 0.000 0.260 1.000 0.490 1.000 0.000 0.000 0.520 1.000 1.000 1.000 0.300 1.000 0.000 1.000 0.000 0.000 -0.120 1.000 0.000 0.000 0.000 0.000 -0.200 1.000 0.000 0.000 0.000 0.000 "anger"
"attack" "_" 0.280 1.000 0.250 1.000 1.000 1.000 0.000 0.000 0.480 1.000 0.590 1.000 0.000 0.000 0.280 1.000 0.260 1.000 0.000 0.000 -0.120 1.000 0.100 1.000 0.000 0.000 -0.240 1.000 0.000 0.000 0.510 1.000 0.200 1.000 0.000 0.000 0.000 0.000 "attack,crumshitwiz,lina,scream"
"ability" "_" 0.300 1.000 1.000 1.000 0.000 0.000 0.000 0.000 0.860 1.000 0.000 1.000 0.490 1.000 0.000 0.000 0.000 0.000 0.000 0.000 0.000 0.000 0.000 0.000 0.000 0.000 0.300 1.000 0.210 1.000 0.000 0.000 0.000 0.000 0.140 1.000 0.000 1.000 "ability, immort,invis,regen"
"base" "_" 0.000 0.000 0.000 0.000 0.000 0.000 0.000 0.000 0.000 0.000 0.000 0.000 0.000 0.000 0.000 0.000 0.000 0.000 0.000 0.000 0.000 0.000 0.000 0.000 0.000 0.000 0.000 0.000 0.000 0.000 0.000 0.000 0.000 0.000 0.000 0.000 0.000 0.000 "base"
"happy" "_" 0.060 1.000 0.750 1.000 0.000 0.000 0.020 1.000 0.460 1.000 0.540 1.000 0.140 1.000 0.000 0.000 0.000 0.000 -0.040 0.000 0.000 0.000 0.000 0.000 -0.120 1.000 0.260 1.000 0.400 1.000 0.000 0.000 0.000 0.000 0.000 0.000 0.000 0.000 "ack, bottle, cast, happy,last,purch, rare,respawn"
"death" "_" 1.000 1.000 0.000 0.000 0.200 1.000 0.000 0.000 0.620 1.000 0.830 1.000 0.000 1.000 0.000 0.000 0.000 0.000 0.000 0.000 0.000 0.000 0.260 1.000 0.000 0.000 0.000 0.000 0.000 0.000 0.000 0.000 0.000 0.000 0.050 1.000 0.000 0.000 "death,lose"
"pain" "_" 1.000 1.000 0.000 0.000 1.000 1.000 0.000 0.000 -0.400 1.000 1.000 1.000 1.000 1.000 0.000 0.000 0.360 1.000 1.000 1.000 0.000 0.000 0.250 1.000 0.000 0.000 0.000 0.000 0.000 0.000 0.000 0.000 0.000 0.000 0.000 0.000 0.000 0.000 "pain"
"laugh" "_" 0.060 1.000 0.750 1.000 0.000 0.000 0.020 1.000 0.460 1.000 0.760 1.000 0.140 1.000 0.000 0.000 0.150 1.000 -0.040 0.000 0.000 0.000 0.060 1.000 0.000 1.000 0.260 1.000 0.430 1.000 0.000 0.000 0.000 0.000 0.000 1.000 0.000 0.000 "laugh,win"
"kill" "_" 0.060 1.000 0.750 1.000 0.400 1.000 0.020 1.000 0.460 1.000 0.540 1.000 0.140 1.000 0.000 0.000 0.260 1.000 -0.040 0.000 0.000 0.000 0.000 0.000 -0.040 1.000 0.320 1.000 0.280 1.000 0.000 0.000 0.200 1.000 0.000 0.000 0.000 0.000 "haste, move,illus, deny, double,win,bag,kill,last,purch"
