14 626408
26 365139
74 316959
104 271399
44 267982
41 253133
84 251067
7 241387
21 240058
35 230440
93 226475
9 210038
6 206702
22 202755
5 187917
8 180398
101 170743
99 162422
2 159017
32 150734
1 146680
27 146078
23 145780
86 142123
114 138541
34 134621
25 129750
42 127379
75 123370
62 121445
54 115557
4 114837
126 113210
47 108653
90 107321
30 107153
50 106737
105 106598
128 99500
11 96280
71 94707
17 93819
106 91974
28 89845
81 84792
64 83202
63 79407
60 77282
36 76796
12 75963
72 72765
16 71829
70 70570
18 70313
48 69702
53 69011
20 67863
73 65579
67 65247
68 65145
31 65025
82 64801
59 64318
98 64207
87 64194
56 62710
40 62694
102 62110
120 62085
19 61974
10 60808
121 59707
39 54480
49 54324
37 52004
76 51261
51 50427
46 49601
100 49524
119 48589
95 47039
85 46964
58 43861
29 43165
83 42424
110 39780
13 39005
45 38491
15 37855
97 36588
89 35651
112 35624
108 35090
129 33811
94 33682
33 33479
96 32269
57 29890
69 28367
52 26248
79 24556
88 23126
3 21050
109 20007
77 19566
43 19147
91 19117
113 19015
61 18974
111 17879
107 16370
80 15482
55 13802
103 11802
65 11356
38 10832
78 9530
66 9012
92 6654
