14 529997
26 378818
74 319709
35 264727
104 262907
41 246687
44 245615
7 240444
84 234180
21 224566
93 216270
8 205834
9 194805
6 192692
86 171362
5 167466
23 162327
34 161811
22 160426
99 157956
25 156731
101 156458
2 154151
114 151092
128 142930
27 142841
1 142264
32 125274
126 120863
62 119038
54 116621
4 111266
30 110980
106 110864
11 110479
75 109807
105 109638
42 108701
47 105126
17 103394
90 100830
50 99631
71 95739
28 88171
53 80629
36 79068
64 78138
63 77990
18 77965
73 77116
72 76943
81 76483
19 76223
12 75035
10 74342
98 72252
59 71857
16 68691
121 68357
60 67150
31 66526
70 66490
39 65694
120 65633
68 63333
48 63016
87 62456
40 61016
76 57212
100 57040
20 57028
46 56525
56 56043
82 55491
67 55253
49 54017
102 52385
119 50041
58 49524
95 48951
37 44731
85 44663
13 44497
45 44039
51 43598
29 43100
83 41947
97 41094
15 40499
94 39869
129 39355
110 39187
112 37983
96 33979
33 33645
52 31653
69 31584
89 30672
108 29798
79 28776
57 28568
88 25318
109 23198
3 23030
43 22780
91 22105
111 21671
107 20905
61 20864
113 19469
77 19454
80 17088
65 14423
55 13696
103 11997
38 11475
78 10140
66 9257
92 6492
