$keys innerBrowRaiser outerBrowRaiser browLowerer eyeClosedAndLidRaiser squint cheekRaiser dimpler noseWrinkler upperLipsTowardAndPart lowerLipsTowardAndPart upperLipRaiser lowerLipDepressorAndChinRaiser lipCornerDepressorAndSharpLipPuller lipCornerPuller jawSuckAndThrust lipSideways jawOpen
$hasweighting
"ability" "_" 0.000 0.000 0.000 0.000 0.000 0.000 0.000 0.000 0.000 0.000 0.000 0.000 0.000 0.000 0.000 0.000 0.000 0.000 0.000 0.000 0.000 0.000 0.000 0.000 0.000 0.000 0.000 0.000 0.000 0.000 0.000 0.000 0.000 0.000 "ability, immort,invis"
"base" "_" 0.000 0.000 0.000 0.000 0.000 0.000 0.000 0.000 0.000 0.000 0.000 0.000 0.000 0.000 0.000 0.000 0.000 0.000 0.000 0.000 0.000 0.000 0.000 0.000 0.000 0.000 0.000 0.000 0.000 0.000 0.000 0.000 0.000 0.000 "base"
"spawn" "_" 0.000 0.000 0.990 1.000 0.290 1.000 0.460 1.000 0.290 1.000 0.290 1.000 0.000 0.000 0.000 0.000 -0.340 1.000 -0.500 0.000 0.000 0.000 -0.080 0.000 0.620 1.000 0.200 1.000 0.000 0.000 -0.140 1.000 0.000 0.000 "spawn"
"death" "_" 0.710 1.000 0.000 1.000 0.010 1.000 0.520 1.000 0.810 1.000 0.280 1.000 0.000 0.000 0.240 1.000 0.100 0.000 0.000 0.000 0.240 1.000 -0.180 1.000 0.000 0.000 0.000 0.000 0.000 0.000 0.360 0.000 0.060 1.000 "death,lose"
"attack" "_" 0.000 0.000 1.000 1.000 1.000 1.000 0.000 0.000 0.630 1.000 0.000 0.000 0.000 0.000 0.000 0.000 0.000 0.000 0.000 0.000 0.000 0.000 0.000 0.000 0.000 0.000 0.000 0.000 0.000 0.000 0.000 0.000 0.000 0.000 "attack,kill,haste,move,rare,respawn,spwan"
"move" "_" 0.000 0.000 0.850 1.000 0.360 1.000 0.000 0.000 0.630 1.000 0.000 0.000 0.000 0.000 0.000 0.000 0.000 0.000 0.000 0.000 0.000 0.000 0.000 0.000 0.000 0.000 0.000 0.000 0.000 0.000 0.000 0.000 0.000 0.000 "move"
"happy" "_" 0.000 0.000 0.800 1.000 0.200 1.000 0.620 1.000 0.330 1.000 0.380 1.000 0.000 0.000 0.000 0.000 0.280 1.000 0.080 1.000 0.000 0.000 -0.440 1.000 1.000 1.000 0.310 1.000 -1.000 1.000 0.000 0.000 0.000 1.000 "ack, bottle, cast, happy,bag,last,purch"
"pain" "_" 0.500 1.000 0.000 0.000 0.360 1.000 0.700 1.000 1.000 1.000 0.710 1.000 0.000 0.000 0.410 1.000 -0.280 0.000 0.000 0.000 0.410 1.000 0.000 0.000 0.420 1.000 0.000 0.000 0.000 0.000 0.100 0.000 0.100 1.000 "pain"
"laugh" "_" 0.000 0.000 0.000 0.000 0.740 1.000 1.000 1.000 0.380 1.000 0.410 1.000 0.520 1.000 0.300 1.000 0.000 0.000 0.000 0.000 0.000 0.000 -0.540 1.000 0.480 1.000 0.780 1.000 0.000 0.000 0.000 0.000 0.160 1.000 "laugh"
"anger" "_" 0.000 0.000 1.000 1.000 1.000 1.000 0.520 1.000 0.640 1.000 0.200 1.000 0.000 0.000 0.590 1.000 0.100 0.000 0.000 0.000 0.410 1.000 0.000 0.000 0.000 0.000 0.000 0.000 0.360 1.000 0.000 0.000 0.110 1.000 "anger"
