$keys innerBrowRaiser outerBrowRaiser browLowerer eyeDownAndUp eyeClosedAndLidRaiser squint cheekRaiser dimpler noseWrinkler upperLipsTowardAndPart upperLipRaiser lowerLipDepressorAndChinRaiser lipCornerDepressorAndSharpLipPuller lipPressor lipCornerPuller lipStretcher upperLipFunneler lipSideways jawOpen
$hasweighting
"blank" "_" 0.293 1.000 0.313 1.000 0.552 1.000 0.014 1.000 0.060 1.000 0.000 1.000 0.000 0.000 0.233 1.000 0.503 1.000 0.282 1.000 0.000 0.000 0.006 1.000 0.000 0.000 0.000 0.000 0.503 1.000 0.000 0.000 0.000 0.000 -0.048 1.000 0.161 1.000 "blank"
"level" "_" 0.280 1.000 0.750 1.000 1.000 1.000 0.020 0.000 1.000 1.000 0.000 1.000 0.000 1.000 0.233 1.000 0.300 1.000 0.282 1.000 0.000 0.000 0.006 1.000 0.620 1.000 0.000 0.000 0.350 1.000 0.000 0.000 0.000 0.000 -0.048 1.000 0.300 1.000 "level"
"move" "_" 0.510 1.000 0.880 1.000 0.650 1.000 0.014 1.000 0.520 1.000 0.000 1.000 0.000 0.000 0.233 1.000 0.400 1.000 0.282 1.000 0.000 0.000 0.006 1.000 0.000 0.000 0.000 0.000 0.450 1.000 0.000 0.000 0.000 0.000 -0.048 1.000 0.210 1.000 "move"
"spawn" "_" 0.293 1.000 0.313 1.000 1.000 1.000 0.014 1.000 0.560 1.000 0.250 1.000 0.000 1.000 0.233 1.000 0.690 1.000 0.480 1.000 0.000 0.000 0.006 1.000 -0.220 1.000 0.000 0.000 0.503 1.000 0.000 0.000 0.000 0.000 -0.048 1.000 0.161 1.000 "spawn"
"death" "_" 1.000 1.000 0.313 1.000 0.552 1.000 0.014 1.000 0.800 1.000 0.750 1.000 0.000 0.000 0.233 1.000 0.503 1.000 0.660 1.000 0.100 1.000 0.006 1.000 -0.140 1.000 0.000 0.000 0.503 1.000 0.000 0.000 0.000 0.000 -0.048 1.000 0.040 1.000 "death"
"anger" "_" 0.293 1.000 0.500 1.000 0.830 1.000 0.014 1.000 0.860 1.000 0.210 1.000 0.000 0.000 0.233 1.000 0.750 1.000 0.282 1.000 0.440 1.000 -0.580 1.000 0.000 0.000 0.280 1.000 0.503 1.000 0.230 1.000 0.390 0.000 0.020 1.000 0.000 1.000 "anger"
"laugh" "_" 0.293 1.000 0.850 1.000 0.290 1.000 0.014 1.000 0.560 1.000 0.540 1.000 0.200 1.000 0.233 1.000 0.460 1.000 0.282 1.000 0.000 0.000 -0.120 1.000 0.480 1.000 0.000 0.000 0.740 1.000 0.000 0.000 0.000 0.000 -0.048 1.000 0.340 1.000 "laugh"
"pain" "_" 0.230 1.000 0.313 1.000 0.552 1.000 0.014 1.000 -0.240 1.000 1.000 1.000 1.000 1.000 0.233 1.000 1.000 1.000 0.660 1.000 0.140 1.000 -0.440 1.000 -0.140 1.000 0.000 0.000 0.630 1.000 0.000 0.000 0.000 0.000 -0.048 1.000 0.040 1.000 "pain"
